    0.9227
    0.9197
    0.9170
    0.9150
    0.9135
    0.9122
    0.9112
    0.9105
    0.9098
    0.9092
    0.9088
    0.9084
    0.9081
    0.9078
    0.9075
    0.9073
    0.9070
    0.9069
    0.9067
    0.9065
    0.9064
    0.9063
    0.9062
    0.9061
    0.9060
    0.9059
    0.9058
    0.9057
    0.9056
    0.9055
    0.9055
    0.9054
    0.9054
    0.9053
    0.9053
    0.9052
    0.9052
    0.9051
    0.9051
    0.9051
    0.9050
    0.9050
    0.9049
    0.9049
    0.9049
    0.9048
    0.9048
    0.9048
    0.9047
    0.9047
Elapsed time is 168343.678458 seconds.

