    0.9305
    0.9228
    0.9184
    0.9157
    0.9138
    0.9123
    0.9112
    0.9104
    0.9097
    0.9091
    0.9086
    0.9083
    0.9080
    0.9077
    0.9074
    0.9072
    0.9070
    0.9068
    0.9066
    0.9064
    0.9063
    0.9062
    0.9060
    0.9059
    0.9058
    0.9058
    0.9057
    0.9056
    0.9055
    0.9054
    0.9054
    0.9053
    0.9053
    0.9052
    0.9051
    0.9051
    0.9050
    0.9050
    0.9049
    0.9049
    0.9048
    0.9048
    0.9047
    0.9047
    0.9047
    0.9046
    0.9046
    0.9046
    0.9046
    0.9045
Elapsed time is 167255.018835 seconds.

